188.132
D16  0 0 -99 0 -99 100 
D13  0 0 -137 138 -105 170 
D4  -39 132 -90 145 0 0 
D17  0 0 -57 191 -18 159 
D10  26 189 0 0 -22 191 
D14  0 0 27 196 47 158 
D3  0 0 72 118 48 161 
D12  102 166 0 0 140 143 
D5  92 0 46 46 0 0 
D2  104 105 76 68 92 0 
D20  103 99 92 0 131 87 
D1  135 97 137 47 92 0 
D23  137 48 92 0 188 0 
D19  188 0 148 127 140 82 
D18  129 190 167 165 188 0 
D21  188 0 201 94 171 134 
D11  215 197 188 0 225 138 
D6  254 154 224 137 188 0 
D8  307 123 260 168 188 0 
D15  320 100 188 0 326 142 
D22  295 81 276 36 188 0 
D9  188 0 380 54 320 54 
D7  371 0 350 46 188 0 
