161.208
D3  0 0 -132 35 -167 0 
D12  -188 50 0 0 -176 93 
D8  -112 128 -161 85 0 0 
D16  0 0 -65 75 9 141 
D17  0 0 13 199 38 155 
D4  67 121 41 166 0 0 
D22  65 118 66 68 0 0 
D5  0 0 65 0 65 65 
D15  68 166 65 0 99 195 
D20  82 98 65 0 109 84 
D2  114 94 116 48 65 0 
D23  116 48 161 0 65 0 
D1  121 98 118 49 161 0 
D7  141 182 98 156 161 0 
D21  161 0 175 94 146 134 
D19  161 0 210 124 175 94 
D14  161 0 234 184 244 142 
D10  296 135 161 0 258 166 
D11  302 141 161 0 274 88 
D9  161 0 331 104 274 88 
D18  331 104 316 61 161 0 
D13  161 0 343 71 359 29 
D6  329 0 301 21 161 0 
