641.268
D34  0 0 -198 42 -122 0 
D20  0 0 -54 65 -96 20 
D4  -15 115 -65 79 0 0 
D24  0 0 35 111 -14 110 
D3  27 85 0 0 61 53 
D11  0 0 86 0 40 28 
D8  60 35 40 28 86 0 
D28  71 57 66 26 86 0 
D23  86 0 71 66 130 95 
D22  86 0 155 0 121 75 
D13  122 71 155 0 183 81 
D25  181 78 186 50 155 0 
D14  155 0 193 62 227 0 
D15  227 64 189 68 227 0 
D21  283 98 227 76 227 0 
D32  304 0 273 64 227 0 
D17  304 0 273 65 289 93 
D12  304 0 341 67 289 90 
D33  346 57 370 0 304 0 
D16  370 0 354 92 328 97 
D37  358 74 370 120 370 0 
D10  398 63 370 105 370 0 
D27  370 0 392 38 411 18 
D30  414 19 370 0 441 0 
D6  394 36 441 0 408 92 
D26  441 0 408 92 482 70 
D35  492 0 441 0 480 65 
D7  482 111 524 84 492 0 
D9  513 57 492 0 562 0 
D1  534 105 562 0 530 48 
D19  585 88 545 63 562 0 
D36  606 0 562 0 580 70 
D5  588 89 627 62 606 0 
D31  641 0 606 0 632 76 
D18  631 100 641 0 671 65 
D29  672 68 641 0 723 77 
D2  641 0 748 0 703 58 
