662.104
D4  -97 62 -102 0 0 0 
D2  0 0 -26 103 -70 45 
D34  0 0 -9 204 -30 119 
D37  9 74 -5 120 0 0 
D31  0 0 35 0 10 76 
D21  58 110 11 72 35 0 
D25  69 75 47 58 35 0 
D22  104 0 35 0 69 75 
D19  111 91 76 59 104 0 
D17  104 0 129 67 111 94 
D15  125 31 104 0 182 0 
D6  130 28 182 0 134 86 
D18  133 88 182 0 184 71 
D36  184 75 225 58 182 0 
D9  257 0 227 54 182 0 
D11  260 86 257 0 231 47 
D29  259 74 257 0 303 102 
D14  257 0 295 62 329 0 
D5  331 91 298 57 329 0 
D16  329 0 331 93 356 102 
D13  391 0 370 75 329 0 
D30  402 46 391 0 379 70 
D26  411 79 468 0 391 0 
D10  456 67 409 87 468 0 
D12  468 0 454 75 511 81 
D32  501 63 468 0 546 0 
D35  552 66 502 61 546 0 
D28  556 58 564 28 546 0 
D27  546 0 587 16 570 37 
D8  587 16 600 0 546 0 
D7  584 110 550 75 600 0 
D3  587 89 600 0 632 74 
D33  662 0 600 0 626 60 
D1  640 107 662 0 633 50 
D23  662 0 692 61 641 103 
D20  662 0 739 36 706 88 
D24  662 0 778 0 763 48 
