642.883
D2  0 0 -77 73 -83 0 
D4  -28 113 -74 70 0 0 
D20  0 0 34 78 -24 95 
D34  0 0 118 166 49 113 
D32  45 63 79 0 0 0 
D5  82 91 48 58 79 0 
D17  79 0 101 68 82 94 
D9  140 0 79 0 104 66 
D7  86 97 134 90 140 0 
D29  135 74 140 0 176 106 
D31  194 55 166 76 140 0 
D25  197 59 189 32 140 0 
D6  190 32 140 0 238 0 
D11  201 78 238 0 193 30 
D13  204 71 238 0 265 82 
D16  238 0 287 79 271 100 
D33  308 0 277 53 238 0 
D15  276 55 305 78 308 0 
D8  323 41 306 54 308 0 
D10  355 50 344 99 308 0 
D35  375 0 366 49 308 0 
D23  375 0 406 60 356 103 
D28  407 50 402 19 375 0 
D30  402 19 446 0 375 0 
D27  446 0 424 38 405 18 
D1  391 94 446 0 434 57 
D3  477 84 446 0 430 79 
D36  446 0 490 0 472 70 
D37  477 74 490 120 490 0 
D19  490 91 522 57 490 0 
D14  525 64 490 0 561 0 
D26  561 0 518 88 594 74 
D22  589 62 561 0 643 0 
D18  637 100 643 0 603 59 
D12  643 0 686 63 637 91 
D24  643 0 744 58 706 91 
D21  755 0 709 38 643 0 
