644.403
D4  -97 62 -102 0 0 0 
D26  0 0 -81 52 -10 81 
D34  0 0 15 203 -15 122 
D21  63 93 5 76 0 0 
D19  0 0 34 32 91 0 
D35  69 63 25 37 91 0 
D31  99 77 64 76 91 0 
D15  127 53 99 78 91 0 
D28  141 32 110 27 91 0 
D6  141 32 91 0 189 0 
D3  152 81 189 0 122 44 
D20  189 0 154 77 212 96 
D37  219 69 217 117 189 0 
D22  218 62 189 0 271 0 
D18  254 99 271 0 225 54 
D29  287 73 271 0 252 110 
D36  316 0 271 0 290 70 
D24  316 0 275 109 325 111 
D5  324 91 353 53 316 0 
D33  357 57 381 0 316 0 
D17  381 0 382 72 356 91 
D7  382 111 421 81 381 0 
D32  381 0 413 64 459 0 
D11  452 86 459 0 427 44 
D25  452 82 467 58 459 0 
D30  484 41 459 0 469 70 
D27  459 0 499 16 482 37 
D8  499 16 512 0 459 0 
D16  512 0 490 91 463 93 
D2  512 0 486 103 553 74 
D14  548 64 512 0 583 0 
D1  566 108 583 0 556 51 
D12  583 0 571 75 627 80 
D9  583 0 644 0 619 66 
D10  626 66 660 104 644 0 
D23  644 0 694 47 660 104 
D13  701 54 644 0 730 0 
